%X_boson                     -h_boson
%3.32190000000000    5.40000000000000
%29.4630000000000    11.3000000000000
52.8751000000000    52.7000000000000
53.5360000000000    53.8000000000000
53.6506000000000    54.2000000000000
54.2336000000000    56.1000000000000
54.3792000000000    56.5000000000000
54.6659000000000    57.2000000000000
54.9027000000000    57.7000000000000
55.2168000000000    58.4000000000000
55.4745000000000    59
55.7324000000000    59.3000000000000
56.1627000000000    59.7000000000000
