%X_genome                  -h_genome
8.81380000000000    13.1905483583987
17.3790000000000    31.6294080531225
27.5767000000000    37.5717935562134
28.0771000000000    37.8861618041992
28.4753000000000    38.0889549255371
31.3426000000000    40.8375244140625
31.6212000000000    40.9791259765625
31.9757000000000    42.1330718994141
34.2981000000000    43.4379882812500
35.5957000000000    44.1486816406250
36.8886000000000    45.3227539062500
37.8116000000000    45.9453125000000
38.3618000000000    46.3320312500000
39.6257000000000    46.9843750000000
%44.5551000000000    49.5000000000000
