output params [ 23.64748079  -0.73255061   1.00000001   0.11388532]
message ( 1,2,3,4 => soln found)  2
ERRS= [  4.60135883e-03   2.34694226e-03  -1.55208353e-03  -1.35570965e-02
   6.73780243e-04   4.91287837e-03   3.73657333e-03   3.64976462e-03
   1.09080085e-03   4.89026127e-04  -9.13030373e-05  -3.45556896e-03
  -4.03898010e-03   2.56327945e-03   1.65257102e-03   1.63533102e-03
   1.52495697e-03   3.04636236e-04  -2.39343045e-04  -9.53962619e-04
  -1.26804263e-03  -1.34540982e-03  -6.62217533e-04  -9.75119254e-04
  -1.26861695e-03   6.98054807e-04   5.94061420e-04   5.80208776e-04
  -3.47679943e-04  -3.94061406e-04  -4.39230197e-04  -4.83956580e-04]
sum of lsq.=  0.0621268963797
